Horse 2.png
size:8192,8192
filter:Linear,Linear
pma:true
1 (1)
bounds:885,4618,512,512
1 (10)
bounds:1398,4618,512,512
1 (100)
bounds:1911,4618,512,512
1 (101)
bounds:2424,4618,512,512
1 (102)
bounds:2937,4618,512,512
1 (103)
bounds:3450,4618,512,512
1 (104)
bounds:3963,4618,512,512
1 (105)
bounds:4476,4618,512,512
1 (106)
bounds:4989,4618,512,512
1 (107)
bounds:5502,4618,512,512
1 (108)
bounds:6015,4618,512,512
1 (109)
bounds:6528,4618,512,512
1 (11)
bounds:7041,4618,512,512
1 (110)
bounds:7554,4618,512,512
1 (111)
bounds:1,4197,512,512
1 (112)
bounds:514,4105,512,512
1 (113)
bounds:1027,4105,512,512
1 (114)
bounds:1540,4105,512,512
1 (115)
bounds:2053,4105,512,512
1 (116)
bounds:2566,4105,512,512
1 (117)
bounds:3079,4105,512,512
1 (118)
bounds:3592,4105,512,512
1 (119)
bounds:4105,4105,512,512
1 (12)
bounds:4618,4105,512,512
1 (120)
bounds:5131,4105,512,512
1 (121)
bounds:5644,4105,512,512
1 (122)
bounds:6157,4105,512,512
1 (123)
bounds:6670,4105,512,512
1 (124)
bounds:7183,4105,512,512
1 (125)
bounds:1,3684,512,512
1 (126)
bounds:514,3592,512,512
1 (127)
bounds:1027,3592,512,512
1 (128)
bounds:1540,3592,512,512
1 (129)
bounds:2053,3592,512,512
1 (13)
bounds:2566,3592,512,512
1 (130)
bounds:3079,3592,512,512
1 (131)
bounds:3592,3592,512,512
1 (132)
bounds:4105,3592,512,512
1 (133)
bounds:4618,3592,512,512
1 (134)
bounds:5131,3592,512,512
1 (135)
bounds:5644,3592,512,512
1 (136)
bounds:6157,3592,512,512
1 (137)
bounds:6670,3592,512,512
1 (138)
bounds:7183,3592,512,512
1 (139)
bounds:1,3171,512,512
1 (14)
bounds:514,3079,512,512
1 (140)
bounds:1027,3079,512,512
1 (141)
bounds:1540,3079,512,512
1 (15)
bounds:2053,3079,512,512
1 (16)
bounds:2566,3079,512,512
1 (17)
bounds:3079,3079,512,512
1 (18)
bounds:3592,3079,512,512
1 (19)
bounds:4105,3079,512,512
1 (2)
bounds:4618,3079,512,512
1 (20)
bounds:5131,3079,512,512
1 (21)
bounds:5644,3079,512,512
1 (22)
bounds:6157,3079,512,512
1 (23)
bounds:6670,3079,512,512
1 (24)
bounds:7183,3079,512,512
1 (25)
bounds:1,2658,512,512
1 (26)
bounds:514,2566,512,512
1 (27)
bounds:1027,2566,512,512
1 (28)
bounds:1540,2566,512,512
1 (29)
bounds:2053,2566,512,512
1 (3)
bounds:2566,2566,512,512
1 (30)
bounds:3079,2566,512,512
1 (31)
bounds:3592,2566,512,512
1 (32)
bounds:4105,2566,512,512
1 (33)
bounds:4618,2566,512,512
1 (34)
bounds:5131,2566,512,512
1 (35)
bounds:5644,2566,512,512
1 (36)
bounds:6157,2566,512,512
1 (37)
bounds:6670,2566,512,512
1 (38)
bounds:7183,2566,512,512
1 (39)
bounds:1,2145,512,512
1 (4)
bounds:514,2053,512,512
1 (40)
bounds:1027,2053,512,512
1 (41)
bounds:1540,2053,512,512
1 (42)
bounds:2053,2053,512,512
1 (43)
bounds:2566,2053,512,512
1 (44)
bounds:3079,2053,512,512
1 (45)
bounds:3592,2053,512,512
1 (46)
bounds:4105,2053,512,512
1 (47)
bounds:4618,2053,512,512
1 (48)
bounds:5131,2053,512,512
1 (49)
bounds:5644,2053,512,512
1 (5)
bounds:6157,2053,512,512
1 (50)
bounds:6670,2053,512,512
1 (51)
bounds:7183,2053,512,512
1 (52)
bounds:1,1632,512,512
1 (53)
bounds:514,1540,512,512
1 (54)
bounds:1027,1540,512,512
1 (55)
bounds:1540,1540,512,512
1 (56)
bounds:2053,1540,512,512
1 (57)
bounds:2566,1540,512,512
1 (58)
bounds:3079,1540,512,512
1 (59)
bounds:3592,1540,512,512
1 (6)
bounds:4105,1540,512,512
1 (60)
bounds:4618,1540,512,512
1 (61)
bounds:5131,1540,512,512
1 (62)
bounds:5644,1540,512,512
1 (63)
bounds:6157,1540,512,512
1 (64)
bounds:6670,1540,512,512
1 (65)
bounds:7183,1540,512,512
1 (66)
bounds:1,1119,512,512
1 (67)
bounds:514,1027,512,512
1 (68)
bounds:1027,1027,512,512
1 (69)
bounds:1540,1027,512,512
1 (7)
bounds:2053,1027,512,512
1 (70)
bounds:2566,1027,512,512
1 (71)
bounds:3079,1027,512,512
1 (72)
bounds:3592,1027,512,512
1 (73)
bounds:4105,1027,512,512
1 (74)
bounds:4618,1027,512,512
1 (75)
bounds:5131,1027,512,512
1 (76)
bounds:5644,1027,512,512
1 (77)
bounds:6157,1027,512,512
1 (78)
bounds:6670,1027,512,512
1 (79)
bounds:7183,1027,512,512
1 (8)
bounds:1,606,512,512
1 (80)
bounds:514,514,512,512
1 (81)
bounds:1027,514,512,512
1 (82)
bounds:1540,514,512,512
1 (83)
bounds:2053,514,512,512
1 (84)
bounds:2566,514,512,512
1 (85)
bounds:3079,514,512,512
1 (86)
bounds:3592,514,512,512
1 (87)
bounds:4105,514,512,512
1 (88)
bounds:4618,514,512,512
1 (89)
bounds:5131,514,512,512
1 (9)
bounds:5644,514,512,512
1 (90)
bounds:6157,514,512,512
1 (91)
bounds:6670,514,512,512
1 (92)
bounds:7183,514,512,512
1 (93)
bounds:1,93,512,512
1 (94)
bounds:514,1,512,512
1 (95)
bounds:1027,1,512,512
1 (96)
bounds:1540,1,512,512
1 (97)
bounds:2053,1,512,512
1 (98)
bounds:2566,1,512,512
1 (99)
bounds:3079,1,512,512
GH
bounds:58,4726,404,404
frame
bounds:463,4710,420,421
rotate:90
guang1
bounds:1,5075,55,56
rotate:90
